Generation 169: [88.86825776222456, 1.3937945635828541, 0.12671255990886446, 2.4097176091286356, 0.14844532198337826, 8.814676364324129] 0.065017402422
Generation 170: [88.86825776222456, 1.3937945635828541, 0.12671255990886446, 2.4097176091286356, 0.14844532198337826, 8.814676364324129] 0.065017402422
Generation 171: [88.86825776222456, 1.3937945635828541, 0.12671255990886446, 2.4097176091286356, 0.14844532198337826, 8.814676364324129] 0.065017402422
Generation 172: [88.86825776222456, 1.3937945635828541, 0.12671255990886446, 2.4097176091286356, 0.14844532198337826, 8.814676364324129] 0.065017402422
Generation 173: [88.86825776222456, 1.3937945635828541, 0.12671255990886446, 2.4097176091286356, 0.14844532198337826, 8.814676364324129] 0.065017402422
Generation 174: [88.86825776222456, 1.3937945635828541, 0.12671255990886446, 2.4097176091286356, 0.14844532198337826, 8.814676364324129] 0.065017402422
Generation 175: [88.86825776222456, 1.3937945635828541, 0.12671255990886446, 2.4097176091286356, 0.14844532198337826, 8.814676364324129] 0.065017402422
Generation 176: [88.86825776222456, 1.3937945635828541, 0.12671255990886446, 2.4097176091286356, 0.14844532198337826, 8.814676364324129] 0.065017402422
Generation 177: [88.86825776222456, 1.3937945635828541, 0.12671255990886446, 2.4097176091286356, 0.14844532198337826, 8.814676364324129] 0.065017402422
Generation 178: [88.86825776222456, 1.3937945635828541, 0.12671255990886446, 2.4097176091286356, 0.14844532198337826, 8.814676364324129] 0.065017402422
Generation 179: [88.86825776222456, 1.3937945635828541, 0.12671255990886446, 2.4097176091286356, 0.14844532198337826, 8.814676364324129] 0.065017402422
Generation 180: [88.86825776222456, 1.3937945635828541, 0.12671255990886446, 2.4097176091286356, 0.14844532198337826, 8.814676364324129] 0.065017402422
Generation 181: [88.86825776222456, 1.3937945635828541, 0.12671255990886446, 2.4097176091286356, 0.14844532198337826, 8.814676364324129] 0.065017402422
Generation 182: [88.86825776222456, 1.3937945635828541, 0.12671255990886446, 2.4097176091286356, 0.14844532198337826, 8.814676364324129] 0.065017402422
Generation 183: [88.86825776222456, 1.3937945635828541, 0.12671255990886446, 2.4097176091286356, 0.14844532198337826, 8.814676364324129] 0.065017402422
Generation 184: [88.86825776222456, 1.3937945635828541, 0.12671255990886446, 2.4097176091286356, 0.14844532198337826, 8.814676364324129] 0.065017402422
Generation 185: [88.86825776222456, 1.3937945635828541, 0.12671255990886446, 2.4097176091286356, 0.14844532198337826, 8.814676364324129] 0.065017402422
Generation 186: [88.86825776222456, 1.3937945635828541, 0.12671255990886446, 2.4097176091286356, 0.14844532198337826, 8.814676364324129] 0.065017402422
Generation 187: [88.86825776222456, 1.3937945635828541, 0.12671255990886446, 2.4097176091286356, 0.14844532198337826, 8.814676364324129] 0.065017402422
Generation 188: [88.86825776222456, 1.3937945635828541, 0.12671255990886446, 2.4097176091286356, 0.14844532198337826, 8.814676364324129] 0.065017402422
Generation 189: [88.86825776222456, 1.3937945635828541, 0.12671255990886446, 2.4097176091286356, 0.14844532198337826, 8.814676364324129] 0.065017402422
Generation 190: [88.86825776222456, 1.3937945635828541, 0.12671255990886446, 2.4097176091286356, 0.14844532198337826, 8.814676364324129] 0.065017402422
Generation 191: [88.86825776222456, 1.3937945635828541, 0.12671255990886446, 2.4097176091286356, 0.14844532198337826, 8.814676364324129] 0.065017402422
Generation 192: [88.86825776222456, 1.3937945635828541, 0.12671255990886446, 2.4097176091286356, 0.14844532198337826, 8.814676364324129] 0.065017402422
Generation 193: [88.86825776222456, 1.3937945635828541, 0.12671255990886446, 2.4097176091286356, 0.14844532198337826, 8.814676364324129] 0.065017402422
Generation 194: [88.86825776222456, 1.3937945635828541, 0.12671255990886446, 2.4097176091286356, 0.14844532198337826, 8.814676364324129] 0.065017402422
Generation 195: [88.86825776222456, 1.3937945635828541, 0.12671255990886446, 2.4097176091286356, 0.14844532198337826, 8.814676364324129] 0.065017402422
Generation 196: [88.86825776222456, 1.3937945635828541, 0.12671255990886446, 2.4097176091286356, 0.14844532198337826, 8.814676364324129] 0.065017402422
Generation 197: [88.86825776222456, 1.3937945635828541, 0.12671255990886446, 2.4097176091286356, 0.14844532198337826, 8.814676364324129] 0.065017402422
Generation 198: [88.86825776222456, 1.3937945635828541, 0.12671255990886446, 2.4097176091286356, 0.14844532198337826, 8.814676364324129] 0.065017402422
Generation 199: [88.86825776222456, 1.3937945635828541, 0.12671255990886446, 2.4097176091286356, 0.14844532198337826, 8.814676364324129] 0.065017402422
Generation 200: [88.86825776222456, 1.3937945635828541, 0.12671255990886446, 2.4097176091286356, 0.14844532198337826, 8.814676364324129] 0.065017402422
Generation 201: [88.86825776222456, 1.3937945635828541, 0.12671255990886446, 2.4097176091286356, 0.14844532198337826, 8.814676364324129] 0.065017402422
Generation 202: [88.86825776222456, 1.3937945635828541, 0.12671255990886446, 2.4097176091286356, 0.14844532198337826, 8.814676364324129] 0.065017402422
Generation 203: [88.86825776222456, 1.3937945635828541, 0.12671255990886446, 2.4097176091286356, 0.14844532198337826, 8.814676364324129] 0.065017402422
Generation 204: [88.86825776222456, 1.3937945635828541, 0.12671255990886446, 2.4097176091286356, 0.14844532198337826, 8.814676364324129] 0.065017402422
Generation 205: [88.86825776222456, 1.3937945635828541, 0.12671255990886446, 2.4097176091286356, 0.14844532198337826, 8.814676364324129] 0.065017402422
^CGeneration 206: [88.86825776222456, 1.3937945635828541, 0.12671255990886446, 2.4097176091286356, 0.14844532198337826, 8.814676364324129] 0.065017402422
Generation 207: [88.86825776222456, 1.3937945635828541, 0.12671255990886446, 2.4097176091286356, 0.14844532198337826, 8.814676364324129] 0.065017402422
Generation 208: [88.86825776222456, 1.3937945635828541, 0.12671255990886446, 2.4097176091286356, 0.14844532198337826, 8.814676364324129] 0.065017402422
Generation 209: [88.86825776222456, 1.3937945635828541, 0.12671255990886446, 2.4097176091286356, 0.14844532198337826, 8.814676364324129] 0.065017402422
Generation 210: [88.86825776222456, 1.3937945635828541, 0.12671255990886446, 2.4097176091286356, 0.08265699241254507, 8.814676364324129] 0.0482188365974
Most fit gene: [88.86825776222456, 1.3937945635828541, 0.12671255990886446, 2.4097176091286356, 0.08265699241254507, 8.814676364324129] 0.0482188365974

